0 0 0 2048 2048 
01 0 0 1024 1024 
02 1024 0 1024 1024 
03 0 1024 1024 1024 
04 1024 1024 1024 1024 
011 0 0 512 512 
012 512 0 512 512 
013 0 512 512 512 
014 512 512 512 512 
0111 0 0 256 256 137,138,139,140,141,150,151, 
0112 256 0 256 256 137,142,143,147,148,149,150,153, 
0113 0 256 256 256 85,86,87,88,89,90,92,93,105,107,131,132,133, 
0114 256 256 256 256 84,85,89,90,103,104,106,127,128,129,130,154,155,156, 
0121 512 0 256 256 134,135,136,137,144,145,146, 
0122 768 0 256 256 135, 
0123 512 256 256 256 78,81,82,83,84,85,90,91,94,124,125,126, 
0124 768 256 256 256 64,66,67,68,77,79,80,81,91,108,109,110,120,121,122,123, 
0131 0 512 256 256 
0132 256 512 256 256 
0133 0 768 256 256 
0134 256 768 256 256 
0141 512 512 256 256 39, 
0142 768 512 256 256 37,38,39,45,60,61,62,63, 
0143 512 768 256 256 
0144 768 768 256 256 
021 1024 0 512 512 
022 1536 0 512 512 
023 1024 512 512 512 
024 1536 512 512 512 
0211 1024 0 256 256 
0212 1280 0 256 256 
0213 1024 256 256 256 68,69,70,72,74,77,95,96,97,98,101,102,111,112,117,118,119, 
0214 1280 256 256 256 65,71,72,73,74,75,76,99,100,113,114,115,116, 
0221 1536 0 256 256 
0222 1792 0 256 256 
0223 1536 256 256 256 76, 
0224 1792 256 256 256 
0231 1024 512 256 256 34,36,38,44,57,58,59,152, 
0232 1280 512 256 256 32,34,35,53,54,55,56, 
0233 1024 768 256 256 
0234 1280 768 256 256 
0241 1536 512 256 256 27,28,29,30,31,32,33,34,35,42,43,50,51,52, 
0242 1792 512 256 256 19,20,21,22,23,24,25,26,27,28,40,41,46,47,48,49, 
0243 1536 768 256 256 8,10, 
0244 1792 768 256 256 1,2,3,4,5,6,7,8,9,10,11,12,13,14,15,16,17,18,
031 0 1024 512 512 
032 512 1024 512 512 
033 0 1536 512 512 
034 512 1536 512 512 
0311 0 1024 256 256 
0312 256 1024 256 256 
0313 0 1280 256 256 
0314 256 1280 256 256 
0321 512 1024 256 256 
0322 768 1024 256 256 
0323 512 1280 256 256 
0324 768 1280 256 256 
0331 0 1536 256 256 
0332 256 1536 256 256 
0333 0 1792 256 256 
0334 256 1792 256 256 
0341 512 1536 256 256 
0342 768 1536 256 256 
0343 512 1792 256 256 
0344 768 1792 256 256 
041 1024 1024 512 512 
042 1536 1024 512 512 
043 1024 1536 512 512 
044 1536 1536 512 512 
0411 1024 1024 256 256 
0412 1280 1024 256 256 
0413 1024 1280 256 256 
0414 1280 1280 256 256 
0421 1536 1024 256 256 
0422 1792 1024 256 256 
0423 1536 1280 256 256 
0424 1792 1280 256 256 
0431 1024 1536 256 256 
0432 1280 1536 256 256 
0433 1024 1792 256 256 
0434 1280 1792 256 256 
0441 1536 1536 256 256 
0442 1792 1536 256 256 
0443 1536 1792 256 256 
0444 1792 1792 256 256 