0 0 0 3584 3584 
01 0 0 1792 1792 
02 1792 0 1792 1792 
03 0 1792 1792 1792 
04 1792 1792 1792 1792 
011 0 0 896 896 
012 896 0 896 896 
013 0 896 896 896 
014 896 896 896 896 
0111 0 0 448 448 12,13,14,16,17,18,19,20,22,30,31,79,80,81,82,83,84,118,122,123,137, 
0112 448 0 448 448 22,23,26,27,28,29,32,33,34,35,36,37,50,85,86,87,88,89,90,91,119,124, 
0113 0 448 448 448 4,5,6,7,8,9,10,11,12,13,14,15,20,21,24,71,72,73,74,75,76,77,114,115,116,117,136,  
0114 448 448 448 448 1,2,3,4,5,24,25,27,28,33,36,67,68,69,70,71,78,119,125, 
0121 896 0 448 448 35,40,43,44,45,92,93,94,140, 
0122 1344 0 448 448 35,38,39,40,41,42,45,46,47,95,96,97,98,99,100,126,127,138,139, 
0123 896 448 448 448 
0124 1344 448 448 448 38, 
0131 0 896 448 448 
0132 448 896 448 448 
0133 0 1344 448 448 
0134 448 1344 448 448 
0141 896 896 448 448 
0142 1344 896 448 448 
0143 896 1344 448 448 
0144 1344 1344 448 448 
021 1792 0 896 896 
022 2688 0 896 896 
023 1792 896 896 896 
024 2688 896 896 896 
0211 1792 0 448 448 47,48,49,51,52,53,54,55,56,101,102,103,104,128, 
0212 2240 0 448 448 55,105,129,130,131,132, 
0213 1792 448 448 448 
0214 2240 448 448 448 
0221 2688 0 448 448 55,57,58,59,106,120,121,133, 
0222 3136 0 448 448 59,60,61,62,63,64,65,66,107,108,109,110,111,112,113,134,135,141,142, 
0223 2688 448 448 448 
0224 3136 448 448 448 
0231 1792 896 448 448 
0232 2240 896 448 448 
0233 1792 1344 448 448 
0234 2240 1344 448 448 
0241 2688 896 448 448 
0242 3136 896 448 448 
0243 2688 1344 448 448 
0244 3136 1344 448 448 
031 0 1792 896 896 
032 896 1792 896 896 
033 0 2688 896 896 
034 896 2688 896 896 
0311 0 1792 448 448 
0312 448 1792 448 448 
0313 0 2240 448 448 
0314 448 2240 448 448 
0321 896 1792 448 448 
0322 1344 1792 448 448 
0323 896 2240 448 448 
0324 1344 2240 448 448 
0331 0 2688 448 448 
0332 448 2688 448 448 
0333 0 3136 448 448 
0334 448 3136 448 448 
0341 896 2688 448 448 
0342 1344 2688 448 448 
0343 896 3136 448 448 
0344 1344 3136 448 448 
041 1792 1792 896 896 
042 2688 1792 896 896 
043 1792 2688 896 896 
044 2688 2688 896 896 
0411 1792 1792 448 448 
0412 2240 1792 448 448 
0413 1792 2240 448 448 
0414 2240 2240 448 448 
0421 2688 1792 448 448 
0422 3136 1792 448 448 
0423 2688 2240 448 448 
0424 3136 2240 448 448 
0431 1792 2688 448 448 
0432 2240 2688 448 448 
0433 1792 3136 448 448 
0434 2240 3136 448 448 
0441 2688 2688 448 448 
0442 3136 2688 448 448 
0443 2688 3136 448 448 
0444 3136 3136 448 448 