1 2 1793 16 224 16 0 
2 2 2016 79 32 80 0 
3 2 2017 175 32 64 0 
4 2 2032 111 16 32 0 
5 2 1825 111 128 16 0 
6 2 1792 127 32 64 0 
7 2 1792 175 16 48 0 
8 2 1969 79 48 16 0 
9 14 1871 127 16 16 0 
10 12 1995 79 8 16 30 
11 12 1962 166 8 16 31 
12 9 1899 148 16 32 33 
13 4 1832 165 12 14 31 
14 12 1865 160 8 16 30 
15 2 2017 415 32 176 0 
16 2 2001 320 16 16 0 
17 2 1905 351 80 16 0 
18 2 1889 335 32 64 0 
19 2 1857 287 32 16 0 
20 2 1824 319 32 16 0 
21 2 1729 351 96 16 0 
22 2 1761 336 48 96 0 
23 2 1633 351 64 16 0 
24 2 1664 335 32 96 0 
25 2 1599 319 32 16 0 
26 2 1089 351 480 16 0 
27 2 1504 336 48 96 0 
28 2 1057 384 32 16 0 
29 2 801 383 32 16 0 
30 2 801 351 256 16 0 
31 2 769 415 32 176 0 
32 9 1867 332 16 32 32 
33 9 1644 386 16 32 31 
34 18 1615 345 16 4 0 
35 12 1996 411 8 16 30 
36 12 1897 411 8 16 30 
37 12 1802 412 8 16 32 
38 12 1740 413 8 16 31 
39 12 1641 411 8 16 30 
40 12 1579 396 8 16 30 
41 12 1837 380 8 16 30 
42 4 1833 399 12 14 32 
43 10 1544 400 8 48 0 
44 12 1485 405 8 16 30 
45 12 1419 405 8 16 30 
46 12 1356 405 8 16 30 
47 12 1292 405 8 16 32 
48 12 1227 405 8 16 31 
49 12 1162 388 8 16 30 
50 12 1111 400 8 16 30 
51 12 1032 403 8 16 30 
52 12 971 385 8 16 33 
53 12 905 397 8 16 30 
54 12 848 402 8 16 30 
55 9 1270 389 16 32 31 
56 7 1208 399 16 16 34 
57 9 934 388 16 32 33 
58 14 816 399 16 16 0 
59 2 1505 655 32 176 0 
60 2 1409 591 96 16 0 
61 2 1375 622 16 16 0 
62 2 1344 559 32 16 0 
63 2 1247 590 96 16 0 
64 2 1185 528 320 16 0 
65 2 1121 591 32 16 0 
66 2 1089 527 64 16 0 
67 2 993 527 64 16 0 
68 2 928 511 32 16 0 
69 2 865 511 32 16 0 
70 2 832 591 192 16 0 
71 10 776 608 8 48 0 
72 2 721 559 112 16 0 
73 2 673 543 128 64 0 
74 2 513 495 160 16 0 
75 2 481 527 32 48 0 
76 2 33 527 448 16 0 
77 2 129 542 32 16 0 
78 2 193 574 32 16 0 
79 2 223 591 32 16 0 
80 2 0 655 32 176 0 
81 2 256 623 480 16 0 
82 2 736 656 64 48 0 
83 14 655 640 16 16 0 
84 7 1008 546 16 16 31 
85 7 1119 507 16 16 33 
86 7 1164 552 16 16 33 
87 9 1461 628 16 32 32 
88 9 1281 626 16 32 34 
89 9 1249 561 16 32 33 
90 18 1229 585 16 4 0 
91 18 1035 587 16 4 0 
92 12 1227 558 8 16 30 
93 12 937 557 8 16 30 
94 12 871 558 8 16 30 
95 12 1028 561 8 16 32 
96 12 1129 561 8 16 31 
97 12 1419 561 8 16 30 
98 12 1484 653 8 16 30 
99 12 1420 648 8 16 30 
100 12 1293 650 8 16 30 
101 12 1227 648 8 16 31 
102 12 1040 638 8 16 30 
103 12 1091 618 8 16 30 
104 12 909 632 8 16 30 
105 12 841 630 8 16 31 
106 12 649 566 8 16 30 
107 12 582 567 8 16 30 
108 12 524 567 8 16 30 
109 12 456 569 8 16 30 
110 12 385 570 8 16 30 
111 12 327 570 8 16 34 
112 12 267 556 8 16 32 
113 12 197 555 8 16 31 
114 12 137 581 8 16 30 
115 12 76 581 8 16 30 
116 6 325 524 16 16 31 
117 6 486 630 16 16 32 
118 11 233 624 17 32 31 
119 11 315 654 17 32 33 
120 4 135 609 12 14 33 
121 2 736 896 32 176 0 
122 2 720 767 16 16 0 
123 2 224 783 480 16 0 
124 2 0 767 224 16 0 
125 2 0 895 32 80 0 
126 13 95 815 32 32 34 
127 12 648 834 8 16 30 
128 12 584 834 8 16 30 
129 12 519 833 8 16 30 
130 12 458 830 8 16 32 
131 12 392 831 8 16 33 
132 12 327 836 8 16 31 
133 12 255 826 8 16 30 
134 12 204 811 8 16 31 
135 7 482 811 16 16 32 
136 7 296 839 16 16 33 
137 15 704 768 16 16 0 
138 15 846 510 16 16 0 
139 2 1536 417 16 16 0 
