0 0 0 2048 2048 
03 0 1024 1024 1024 
04 1024 1024 1024 1024 
01 0 0 1024 1024 
02 1024 0 1024 1024 
033 0 1536 512 512 
034 512 1536 512 512 
031 0 1024 512 512 
032 512 1024 512 512 
0333 0 1792 256 256 
0334 256 1792 256 256 
0331 0 1536 256 256 
0332 256 1536 256 256 
0343 512 1792 256 256 
0344 768 1792 256 256 
0341 512 1536 256 256 
0342 768 1536 256 256 
0313 0 1280 256 256 
0314 256 1280 256 256 
0311 0 1024 256 256 
0312 256 1024 256 256 
0323 512 1280 256 256 
0324 768 1280 256 256 
0321 512 1024 256 256 
0322 768 1024 256 256 
043 1024 1536 512 512 
044 1536 1536 512 512 
041 1024 1024 512 512 
042 1536 1024 512 512 
0433 1024 1792 256 256 
0434 1280 1792 256 256 
0431 1024 1536 256 256 
0432 1280 1536 256 256 
0443 1536 1792 256 256 
0444 1792 1792 256 256 
0441 1536 1536 256 256 
0442 1792 1536 256 256 
0413 1024 1280 256 256 
0414 1280 1280 256 256 
0411 1024 1024 256 256 
0412 1280 1024 256 256 
0423 1536 1280 256 256 
0424 1792 1280 256 256 
0421 1536 1024 256 256 
0422 1792 1024 256 256 
013 0 512 512 512 
014 512 512 512 512 
011 0 0 512 512 
012 512 0 512 512 
0133 0 768 256 256 123,125,126,133,134, 
0134 256 768 256 256 123,130,131,132,133,135,136, 
0131 0 512 256 256 76,77,78,79,80,81,113,114,115,118,120,123,124, 
0132 256 512 256 256 75,76,81,109,110,111,112,116,117,119,123, 
0143 512 768 256 256 121,123,127,128,129,137, 
0144 768 768 256 256 121, 
0141 512 512 256 256 72,73,75,81,82,83,106,107,108,121,122,123,137, 
0142 768 512 256 256 67,70,71,72,73,82,84,93,94,104,105,121, 
0113 0 256 256 256 76,80, 
0114 256 256 256 256 75,76,116, 
0111 0 0 256 256 
0112 256 0 256 256 
0123 512 256 256 256 73,74,75, 
0124 768 256 256 256 29,30,31,52,53,54,57,58,67,68,69,73,138, 
0121 512 0 256 256 
0122 768 0 256 256 31, 
023 1024 512 512 512 
024 1536 512 512 512 
021 1024 0 512 512 
022 1536 0 512 512 
0233 1024 768 256 256 
0234 1280 768 256 256 
0231 1024 512 256 256 63,64,65,66,67,70,84,86,89,90,91,92,95,96,101,102,103, 
0232 1280 512 256 256 59,60,61,62,63,64,87,88,97,98,99,100, 
0243 1536 768 256 256 
0244 1792 768 256 256 
0241 1536 512 256 256 59, 
0242 1792 512 256 256 
0213 1024 256 256 256 26,28,30,48,49,50,51,55,56,64,66,67,85, 
0214 1280 256 256 256 26,27,44,45,46,47,55,59,64,139, 
0211 1024 0 256 256 
0212 1280 0 256 256 27, 
0223 1536 256 256 256 21,22,23,24,25,26,27,33,34,38,39,40,43,59,139, 
0224 1792 256 256 256 15,16,17,18,19,20,21,22,32,35,36,37,41,42, 
0221 1536 0 256 256 6,7,22,24,27, 
0222 1792 0 256 256 1,2,3,4,5,6,7,8,9,10,11,12,13,14,15,22,